20.0
18.0
19.0
18.0
20.0
18.0
19.0
20.0
30.0
19.0
19.0
19.0
32.0
19.0
19.0
33.0
30.0
19.0
19.0
19.0
30.0
19.0
19.0
31.0
17.0
12.0
12.0
11.0
17.0
12.0
12.0
16.0
15.0
12.0
12.0
12.0
15.0
12.0
12.0
15.0
27.0
18.0
18.0
18.0
27.0
18.0
18.0
27.0
18.0
15.0
15.0
15.0
18.0
15.0
16.0
18.0
17.0
12.0
12.0
12.0
18.0
12.0
12.0
17.0
18.0
13.0
13.0
13.0
18.0
13.0
13.0
19.0
27.0
19.0
19.0
19.0
24.0
19.0
19.0
27.0
20.0
19.0
19.0
19.0
19.0
19.0
19.0
19.0
29.0
19.0
19.0
19.0
29.0
19.0
19.0
28.0
29.0
19.0
19.0
19.0
31.0
19.0
19.0
31.0
39.0
19.0
19.0
19.0
39.0
19.0
19.0
39.0
12.0
5.0
5.0
5.0
13.0
5.0
5.0
12.0
13.0
5.0
5.0
5.0
13.0
5.0
5.0
13.0
